name: amrfinderplus_env
channels:
  - bioconda
  - conda-forge
  - defaults
dependencies:
  - blast=2.10.1=pl526hce2a5c9_1
  - bzip2=1.0.8=haf1e3a3_3
  - c-ares=1.11.0=0
  - ca-certificates=2020.6.20=hecda079_0
  - curl=7.71.1=hcb81553_5
  - entrez-direct=13.3=pl526h375a9b1_0
  - expat=2.2.9=hb1e8313_2
  - hmmer=3.3=h6de7cb9_1
  - krb5=1.17.1=h75d18d8_2
  - libcurl=7.71.1=h9bf37e3_5
  - libcxx=10.0.1=h5f48129_0
  - libedit=3.1.20191231=h0678c8f_2
  - libev=4.33=haf1e3a3_0
  - libnghttp2=1.41.0=h8a08a2b_1
  - libssh2=1.9.0=h8a08a2b_5
  - llvm-openmp=10.0.1=h28b9765_0
  - ncbi-amrfinderplus=3.8.4=h3db6bed_1
  - ncurses=6.2=hb1e8313_1
  - openssl=1.1.1g=haf1e3a3_1
  - pcre=8.44=h4a8c4bd_0
  - perl=5.26.2=haec8ef5_1006
  - perl-app-cpanminus=1.7044=pl526_1
  - perl-archive-tar=2.32=pl526_0
  - perl-base=2.23=pl526_1
  - perl-business-isbn=3.004=pl526_0
  - perl-business-isbn-data=20140910.003=pl526_0
  - perl-carp=1.38=pl526_3
  - perl-common-sense=3.74=pl526_2
  - perl-compress-raw-bzip2=2.087=pl526h6de7cb9_0
  - perl-compress-raw-zlib=2.087=pl526h770b8ee_0
  - perl-constant=1.33=pl526_1
  - perl-data-dumper=2.173=pl526_0
  - perl-digest-hmac=1.03=pl526_3
  - perl-digest-md5=2.55=pl526_0
  - perl-encode=2.88=pl526_1
  - perl-encode-locale=1.05=pl526_6
  - perl-exporter=5.72=pl526_1
  - perl-exporter-tiny=1.002001=pl526_0
  - perl-extutils-makemaker=7.36=pl526_1
  - perl-file-listing=6.04=pl526_1
  - perl-file-path=2.16=pl526_0
  - perl-file-temp=0.2304=pl526_2
  - perl-html-parser=3.72=pl526h04f5b5a_5
  - perl-html-tagset=3.20=pl526_3
  - perl-html-tree=5.07=pl526_1
  - perl-http-cookies=6.04=pl526_0
  - perl-http-daemon=6.01=pl526_1
  - perl-http-date=6.02=pl526_3
  - perl-http-message=6.18=pl526_0
  - perl-http-negotiate=6.01=pl526_3
  - perl-io-compress=2.087=pl526h6de7cb9_0
  - perl-io-html=1.001=pl526_2
  - perl-io-socket-ssl=2.066=pl526_0
  - perl-io-zlib=1.10=pl526_2
  - perl-json=4.02=pl526_0
  - perl-json-xs=2.34=pl526h04f5b5a_3
  - perl-libwww-perl=6.39=pl526_0
  - perl-list-moreutils=0.428=pl526_1
  - perl-list-moreutils-xs=0.428=pl526_0
  - perl-lwp-mediatypes=6.04=pl526_0
  - perl-lwp-protocol-https=6.07=pl526_4
  - perl-mime-base64=3.15=pl526_1
  - perl-mozilla-ca=20180117=pl526_1
  - perl-net-http=6.19=pl526_0
  - perl-net-ssleay=1.88=pl526hb1dc21d_0
  - perl-ntlm=1.09=pl526_4
  - perl-parent=0.236=pl526_1
  - perl-pathtools=3.75=pl526h1de35cc_1
  - perl-scalar-list-utils=1.52=pl526h01d97ff_0
  - perl-socket=2.027=pl526_1
  - perl-storable=3.15=pl526h1de35cc_0
  - perl-test-requiresinternet=0.05=pl526_0
  - perl-time-local=1.28=pl526_1
  - perl-try-tiny=0.30=pl526_1
  - perl-types-serialiser=1.0=pl526_2
  - perl-uri=1.76=pl526_0
  - perl-www-robotrules=6.02=pl526_3
  - perl-xml-namespacesupport=1.12=pl526_0
  - perl-xml-parser=2.44=pl526h776b7f1_7
  - perl-xml-sax=1.02=pl526_0
  - perl-xml-sax-base=1.09=pl526_0
  - perl-xml-sax-expat=0.51=pl526_3
  - perl-xml-simple=2.25=pl526_1
  - perl-xsloader=0.24=pl526_0
  - tk=8.6.10=hb0a8c7a_0
  - zlib=1.2.11=h7795811_1009
prefix: /Users/alopatki/anaconda3/envs/amrfinderplus_env

