name: ectyper_env
channels:
  - conda-forge
  - bioconda
  - defaults
dependencies:
  - attrs=21.2.0=pyhd8ed1ab_0
  - bcftools=1.12=hffb3c55_1
  - biopython=1.79=py37h271585c_0
  - blast=2.9.0=h58d6d27_1
  - boost=1.68.0=py37h9888f84_1001
  - boost-cpp=1.68.0=h6f8c590_1000
  - bowtie2=2.3.5.1=py37h2dec4b4_0
  - brotlipy=0.7.0=py37h271585c_1001
  - bzip2=1.0.8=h0d85af4_4
  - c-ares=1.17.1=h0d85af4_1
  - ca-certificates=2021.5.30=h033912b_0
  - capnproto=0.6.1=h0ceac7d_2
  - certifi=2021.5.30=py37hf985489_0
  - cffi=1.14.5=py37hda351d9_0
  - chardet=4.0.0=py37hf985489_1
  - cryptography=3.4.7=py37hce4a858_0
  - ectyper=1.0.0=pyhdfd78af_1
  - gettext=0.19.8.1=h7937167_1005
  - gmp=6.2.1=h2e338ed_0
  - gnutls=3.6.13=hc269f14_0
  - gsl=2.6=h71c5fe9_2
  - htslib=1.12=hc38c3fb_1
  - icu=58.2=h0a44026_1000
  - idna=2.10=pyh9f0ad1d_0
  - importlib-metadata=4.6.1=py37hf985489_0
  - importlib_metadata=4.6.1=hd8ed1ab_0
  - iniconfig=1.1.1=pyh9f0ad1d_0
  - krb5=1.19.1=hcfbf3a7_0
  - libblas=3.9.0=9_openblas
  - libcblas=3.9.0=9_openblas
  - libcurl=7.77.0=hf45b732_0
  - libcxx=11.1.0=habf9029_0
  - libdeflate=1.7=h35c211d_5
  - libedit=3.1.20191231=h0678c8f_2
  - libev=4.33=haf1e3a3_1
  - libffi=3.3=h046ec9c_2
  - libgfortran=5.0.0=9_3_0_h6c81a4c_22
  - libgfortran5=9.3.0=h6c81a4c_22
  - libiconv=1.16=haf1e3a3_0
  - liblapack=3.9.0=9_openblas
  - libnghttp2=1.43.0=h07e645a_0
  - libopenblas=0.3.15=openmp_h5e1b9a4_1
  - libssh2=1.9.0=h52ee1ee_6
  - llvm-openmp=11.1.0=hda6cdc1_1
  - mash=2.3=h8503a2b_1
  - more-itertools=8.8.0=pyhd8ed1ab_0
  - ncurses=6.2=h2e338ed_4
  - nettle=3.4.1=h3efe00b_1002
  - numpy=1.21.0=py37h84c02c4_0
  - openssl=1.1.1k=h0d85af4_0
  - packaging=21.0=pyhd8ed1ab_0
  - pandas=1.3.0=py37hb23ed4d_0
  - pcre=8.45=he49afe7_0
  - perl=5.26.2=hbcb3906_1008
  - perl-archive-tar=2.32=pl526_0
  - perl-carp=1.38=pl526_3
  - perl-common-sense=3.74=pl526_2
  - perl-compress-raw-bzip2=2.087=pl526h6de7cb9_0
  - perl-compress-raw-zlib=2.087=pl526h770b8ee_0
  - perl-exporter=5.72=pl526_1
  - perl-exporter-tiny=1.002001=pl526_0
  - perl-extutils-makemaker=7.36=pl526_1
  - perl-io-compress=2.087=pl526h6de7cb9_0
  - perl-io-zlib=1.10=pl526_2
  - perl-json=4.02=pl526_0
  - perl-json-xs=2.34=pl526h04f5b5a_3
  - perl-list-moreutils=0.428=pl526_1
  - perl-list-moreutils-xs=0.428=pl526_0
  - perl-pathtools=3.75=pl526h1de35cc_1
  - perl-scalar-list-utils=1.52=pl526h01d97ff_0
  - perl-types-serialiser=1.0=pl526_2
  - perl-xsloader=0.24=pl526_0
  - pip=21.1.3=pyhd8ed1ab_0
  - pluggy=0.13.1=py37hf985489_4
  - py=1.10.0=pyhd3deb0d_0
  - pycparser=2.20=pyh9f0ad1d_2
  - pyopenssl=20.0.1=pyhd8ed1ab_0
  - pyparsing=2.4.7=pyh9f0ad1d_0
  - pysocks=1.7.1=py37hf985489_3
  - pytest=6.2.4=py37hf985489_0
  - python=3.7.10=h7728216_100_cpython
  - python-dateutil=2.8.1=py_0
  - python_abi=3.7=2_cp37m
  - pytz=2021.1=pyhd8ed1ab_0
  - readline=8.1=h05e3726_0
  - requests=2.25.1=pyhd3deb0d_0
  - samtools=1.12=hfcfc997_1
  - seqtk=1.3=h188c3c3_3
  - setuptools=49.6.0=py37hf985489_3
  - six=1.16.0=pyh6c4a22f_0
  - sqlite=3.36.0=h23a322b_0
  - tbb=2021.3.0=h940c156_0
  - tk=8.6.10=h0419947_1
  - toml=0.10.2=pyhd8ed1ab_0
  - typing_extensions=3.10.0.0=pyha770c72_0
  - urllib3=1.26.6=pyhd8ed1ab_0
  - wheel=0.36.2=pyhd3deb0d_0
  - xz=5.2.5=haf1e3a3_1
  - zipp=3.5.0=pyhd8ed1ab_0
  - zlib=1.2.11=h7795811_1010
prefix: /Users/alopatki/anaconda3/envs/ectyper_env
